# not found: 14, 16, 18

# inst 15 in 5 min
#1104;20;239;[59, 60, 25, 164, 32, 210, 137, 67, 80, 18, 12, 82, 46, 66, 39, 263, 130, 64, 222, 65, 192, 217, 233, 20, 226, 167, 214, 63, 51, 53, 97, 4, 126, 117, 172, 127, 169, 69, 3, 195, 268, 86, 116, 133, 103, 27, 201, 188, 269, 262, 31, 8, 149, 61, 194, 186, 177, 266, 88, 150, 148, 108, 37, 221, 16, 145, 267, 58, 271, 10, 115, 93, 98, 91, 35, 22, 197, 76, 236, 26, 75, 184, 85, 238, 36, 216, 161, 278, 176, 120, 71, 213, 277, 92, 212, 153, 239, 274, 43, 109, 94, 100, 81, 264, 265, 110, 139, 162, 119, 209, 160, 122, 6, 2, 227, 156, 54, 182, 95, 132, 166, 140, 107, 168, 204, 57, 45, 55, 189, 34, 23, 173, 190, 73, 203, 15, 9, 224, 19, 155, 211, 229, 187, 79, 185, 202, 56, 143, 121, 90, 196, 1, 136, 237, 106, 49, 199, 72, 178, 191, 230, 50, 77, 40, 275, 105, 144, 104, 14, 41, 112, 135, 235, 206, 158, 223, 218, 138, 111, 279, 273, 17, 272, 131, 234, 30, 200, 157, 270, 219, 141, 125, 113, 225, 179, 208, 193, 174, 231, 68, 163, 260, 159, 52, 33, 165, 276, 38, 232, 24, 181, 129, 28, 102, 21, 220, 142, 228, 151, 183, 29, 89, 124, 146, 134, 198, 147, 99, 84, 44, 128, 170, 175, 180, 154, 207, 261, 62, 42, 83, 114, 78, 47, 123, 74, 118, 215, 171, 205, 13, 87, 70, 5, 48, 96, 7, 11, 152, 101, 241, 242, 243, 244, 245, 246, 247, 248, 249, 250, 251, 252, 253, 254, 255, 256, 257, 258, 259, 240]
# [[83, 85, 36, 127, 45, 103, 81, 75, 35, 172, 135, 203, 159, 178, 138, 224, 146, 202], [114, 2, 60, 150, 90, 120, 132, 173, 235, 154, 237], [78, 76, 22, 217, 142, 229, 84, 238, 62, 108, 162, 50], [47, 201, 163, 77, 197, 193, 113, 6, 210, 24, 20, 65, 16], [123, 107, 139, 19, 222, 89, 176, 223, 124, 168, 104], [74, 91, 71, 115, 227, 147, 56, 186, 30, 53, 149, 121, 166, 105], [118, 182, 17, 130, 34, 117, 54, 61, 148, 143, 187, 200, 68, 58], [215, 21, 192, 125, 204, 52, 8, 67], [171, 112, 122, 140, 155, 106, 110, 209, 232, 170, 41], [205, 33, 126, 57, 177, 218, 228, 99, 43, 116, 156, 49], [13, 46, 27, 214, 102, 100, 109, 119, 95, 212, 129, 189], [87, 161, 230, 44, 133, 190, 219, 151, 196, 208, 38, 69], [70, 10, 18, 64, 221, 29, 51, 31, 97, 239, 42, 86, 216, 220, 183], [5, 32, 4, 164, 40, 195, 179, 111, 160, 191, 141, 211, 181], [48, 188, 157, 199, 231, 128, 55, 194, 225, 134, 73, 98], [96, 153, 136, 15, 39, 3, 25, 226, 198, 174, 206, 165], [7, 137, 9, 80, 26, 167, 144, 79, 236, 207], [11, 12, 82, 184, 131, 23, 233, 175, 158, 72, 93], [152, 1, 59, 88], [101, 94, 92, 213, 28, 63, 37, 169, 14, 66, 145, 185, 234, 180]]    


#inst 12 5 min
#868;20;95;[49, 57, 74, 85, 124, 12, 48, 69, 67, 60, 14, 2, 25, 117, 116, 131, 86, 51, 50, 53, 71, 40, 29, 135, 36, 22, 118, 82, 13, 58, 55, 37, 122, 77, 132, 64, 84, 90, 41, 127, 44, 123, 61, 88, 63, 87, 27, 31, 125, 76, 52, 119, 95, 4, 121, 20, 128, 32, 120, 5, 3, 83, 62, 65, 30, 24, 21, 46, 7, 78, 126, 130, 66, 133, 8, 1, 38, 16, 129, 42, 134, 33, 9, 28, 79, 34, 73, 47, 15, 11, 72, 54, 94, 19, 59, 89, 17, 39, 18, 56, 75, 23, 80, 10, 93, 45, 26, 6, 92, 91, 70, 35, 43, 81, 68, 97, 98, 99, 100, 101, 102, 103, 104, 105, 106, 107, 108, 109, 110, 111, 112, 113, 114, 115, 96]
#[[89, 15], [17, 86, 34, 77, 38, 90, 11, 14], [39, 41, 44, 88, 47, 27], [18, 51, 52], [56, 20, 53, 95, 59], [75, 8, 69, 7, 48, 31, 55], [23, 29, 13, 25, 36, 64, 65, 30, 58, 32, 37, 84, 28, 82, 33], [80, 42], [10, 60, 5], [93, 94, 19, 50, 76, 1, 49], [45, 63, 62, 83, 9, 67, 21, 71], [26, 22, 40], [6, 12, 2, 57], [92, 54, 4, 85, 79], [91, 72], [70, 78, 16], [35], [43, 61, 3, 74], [81], [68, 46, 87, 73, 66, 24]]

#inst 9 5 min
#392;10;13;[26, 29, 30, 2, 12, 31, 28, 3, 25, 32, 33, 24, 27, 5, 9, 1, 13, 7, 4, 8, 6, 10, 11, 15, 16, 17, 18, 19, 20, 21, 22, 23, 14]
#[[5, 12], [9], [1], [13], [7], [4, 2], [8, 3], [6], [10], [11]]

#inst 13 5 min
#1176;3;47;[40, 5, 36, 15, 42, 44, 22, 4, 27, 29, 34, 47, 33, 7, 25, 41, 39, 38, 1, 24, 32, 20, 43, 18, 26, 46, 6, 21, 17, 45, 51, 52, 8, 10, 3, 23, 35, 30, 12, 28, 37, 53, 31, 2, 16, 9, 19, 14, 11, 13, 49, 50, 48]
#[[14, 7, 22, 20, 24, 18, 38, 30, 45, 16, 41, 37, 35, 3, 36, 23, 43, 31], [11, 34, 10, 29, 17, 39, 12, 47, 19, 1, 40, 28, 21, 32], [13, 33, 8, 4, 15, 25, 26, 46, 9, 27, 6, 44, 2, 5, 42]]


#inst 17 5 min
#1855;20;287;[152, 173, 106, 254, 221, 38, 10, 315, 105, 14, 181, 34, 217, 89, 251, 40, 232, 153, 80, 22, 182, 50, 267, 323, 186, 21, 208, 147, 268, 168, 140, 75, 39, 129, 73, 79, 31, 193, 45, 158, 236, 169, 87, 102, 19, 13, 109, 167, 60, 88, 53, 283, 165, 84, 255, 83, 219, 246, 271, 27, 171, 57, 199, 61, 280, 69, 43, 269, 125, 5, 214, 234, 209, 286, 128, 177, 113, 18, 119, 282, 264, 184, 107, 74, 133, 197, 9, 95, 157, 239, 66, 190, 2, 3, 183, 272, 266, 91, 227, 256, 225, 135, 141, 144, 138, 205, 326, 146, 212, 143, 148, 100, 179, 64, 201, 226, 122, 36, 210, 317, 139, 114, 318, 116, 8, 51, 47, 48, 178, 311, 321, 81, 52, 20, 134, 149, 250, 117, 274, 44, 68, 198, 161, 72, 187, 204, 213, 322, 262, 162, 46, 160, 175, 4, 97, 94, 312, 32, 224, 63, 127, 211, 259, 150, 235, 96, 24, 110, 242, 189, 316, 277, 273, 252, 33, 196, 279, 132, 65, 71, 194, 287, 313, 258, 253, 30, 276, 261, 54, 99, 260, 174, 112, 16, 325, 41, 90, 49, 156, 202, 233, 78, 29, 237, 130, 195, 67, 163, 284, 320, 62, 121, 159, 77, 151, 222, 164, 126, 123, 118, 12, 23, 185, 142, 155, 245, 82, 115, 6, 241, 58, 101, 104, 7, 111, 145, 324, 11, 98, 42, 35, 154, 265, 240, 92, 76, 124, 244, 86, 103, 26, 70, 166, 206, 37, 218, 309, 310, 308, 247, 270, 319, 136, 263, 249, 220, 200, 231, 15, 285, 108, 278, 120, 327, 230, 137, 25, 93, 85, 257, 238, 56, 131, 59, 1, 180, 314, 28, 170, 191, 188, 228, 55, 176, 243, 207, 223, 215, 192, 17, 203, 229, 281, 275, 248, 216, 172, 289, 290, 291, 292, 293, 294, 295, 296, 297, 298, 299, 300, 301, 302, 303, 304, 305, 306, 307, 288]

#inst 4
#220;8;10;[21, 25, 22, 10, 1, 20, 19, 23, 26, 24, 7, 6, 5, 3, 8, 4, 2, 9, 12, 13, 14, 15, 16, 17, 18, 11] 
#-> [[7], [6], [5, 1], [3], [8], [4, 10], [2], [9]]

# inst 7
# 160;6;17;[8, 29, 25, 1, 2, 9, 14, 26, 24, 6, 7, 3, 28, 13, 27, 15, 5, 10, 12, 4, 16, 11, 17, 19, 20, 21, 22, 23, 18]
# -> [[10, 6, 9], [12, 3], [4, 1, 8], [16, 15], [11, 7, 14, 13], [17, 5, 2]]

# inst 5 in 306 msec
# 212;2;3;[7, 6, 1, 2, 3, 5, 4]
# ->[[2], [3, 1]]

# inst 10 in 5 min
# 244;10;13;[26, 25, 11, 27, 30, 24, 2, 28, 29, 31, 7, 33, 32, 6, 3, 1, 4, 8, 9, 5, 10, 13, 12, 15, 16, 17, 18, 19, 20, 21, 22, 23, 14]
# -> [[6], [3, 11, 7, 2], [1], [4], [8], [9], [5], [10], [13], [12]]

# inst 8 in 5 min
# 186;8;10;[26, 23, 24, 25, 22, 20, 19, 21, 7, 6, 9, 10, 8, 5, 2, 3, 4, 1, 12, 13, 14, 15, 16, 17, 18, 11]
# -> [[9, 7], [10, 6], [8], [5], [2], [3], [4], [1]]

# inst 6 in 5 min
# 322;6;8;[8, 17, 15, 16, 4, 19, 18, 20, 3, 5, 2, 7, 6, 1, 10, 11, 12, 13, 14, 9]
# [[3], [5, 4], [2], [7], [6], [1, 8]]

# inst 11 in 5 min
# 1478;20;143;[132, 105, 7, 52, 95, 83, 45, 97, 19, 73, 1, 103, 102, 80, 38, 142, 87, 50, 27, 69, 78, 182, 66, 29, 12, 128, 181, 14, 55, 136, 99, 116, 171, 9, 113, 88, 130, 49, 20, 62, 104, 3, 77, 117, 48, 127, 177, 129, 123, 59, 84, 118, 183, 134, 61, 44, 166, 98, 82, 137, 167, 4, 112, 18, 72, 165, 91, 31, 16, 138, 81, 135, 176, 15, 179, 175, 174, 11, 65, 178, 67, 23, 68, 74, 94, 25, 111, 85, 143, 110, 40, 180, 13, 107, 164, 5, 119, 64, 71, 124, 170, 101, 173, 24, 115, 122, 79, 63, 58, 30, 169, 41, 8, 106, 26, 109, 2, 92, 17, 168, 96, 121, 39, 139, 126, 89, 125, 86, 36, 75, 133, 141, 114, 93, 172, 21, 51, 35, 56, 108, 57, 120, 131, 46, 32, 90, 140, 60, 70, 54, 33, 42, 100, 43, 76, 10, 47, 28, 37, 6, 34, 22, 53, 145, 146, 147, 148, 149, 150, 151, 152, 153, 154, 155, 156, 157, 158, 159, 160, 161, 162, 163, 144]
# [[46, 127, 125, 126, 89, 143, 131, 133, 114, 106, 122, 121, 96, 5, 95], [32, 116, 109, 58, 98, 64, 18, 50, 59, 82, 23, 66], [90, 110, 30, 136, 21, 78, 11, 1, 132, 141, 57], [140, 108, 63, 112, 41, 104, 24, 29, 55, 61], [60, 137, 51, 84, 74, 15, 38, 49, 123, 39, 20, 69, 16, 142, 120], [70, 138, 35, 113, 8, 97, 119, 17, 87, 111], [54, 134, 93, 13, 102, 101], [33], [42, 3, 7, 45, 48, 129, 36, 88, 85, 94, 107, 79, 65, 72, 135], [100, 124, 139, 56, 44, 117, 2, 105, 115, 26, 128, 86, 25, 12, 103], [43, 77], [76], [10, 73], [47], [28, 14, 80], [37, 130, 75], [6, 83, 68, 31, 99, 71, 81, 67, 91, 40, 62, 4, 52, 118, 92], [34, 9, 19, 27], [22], [53]]