TRYING FROM INSTANCE 8 to 21 (limited time, we give for granted that on the previous it works).

solution unkown: 20,16,19

inst 8 5min
186;8;10;[24, 1, 19, 21, 22, 26, 25, 23, 20, 6, 3, 9, 4, 5, 8, 2, 7, 10, 12, 13, 14, 15, 16, 17, 18, 11]
--[[3], [9], [4], [5], [8], [2, 1], [7], [10, 6]]

inst 13 5min
1142;3;47;[30, 17, 47, 33, 44, 11, 10, 15, 2, 53, 41, 38, 35, 3, 24, 43, 42, 19, 52, 5, 26, 45, 31, 20, 18, 23, 37, 22, 13, 8, 36, 14, 29, 28, 1, 51, 6, 32, 9, 21, 25, 27, 39, 7, 40, 34, 46, 12, 16, 4, 49, 50, 48]
--[[12, 38, 32, 14, 3, 47, 46, 34, 28, 22, 45, 40, 21, 26, 23, 31, 36], [16, 43, 39, 9, 2, 17, 42, 27, 37, 6, 11, 41, 25, 18, 19], [4, 33, 29, 13, 35, 1, 30, 8, 15, 24, 20, 5, 44, 7, 10]]

inst 11 5min
1441;20;143;[27, 98, 180, 58, 28, 134, 95, 3, 129, 22, 141, 36, 101, 177, 167, 164, 132, 17, 103, 168, 70, 37, 40, 104, 172, 175, 136, 130, 15, 165, 137, 29, 53, 135, 89, 60, 9, 182, 21, 49, 26, 82, 106, 120, 42, 16, 122, 69, 100, 35, 85, 170, 179, 33, 65, 83, 43, 79, 115, 86, 67, 64, 61, 6, 12, 97, 76, 84, 127, 45, 59, 2, 125, 31, 54, 55, 7, 52, 99, 23, 19, 88, 140, 126, 50, 4, 44, 72, 34, 93, 113, 78, 18, 118, 174, 173, 171, 131, 111, 128, 142, 178, 71, 138, 123, 112, 102, 117, 8, 169, 183, 56, 114, 38, 46, 105, 68, 51, 20, 181, 25, 92, 11, 30, 81, 121, 119, 10, 139, 124, 47, 48, 166, 176, 87, 24, 1, 32, 133, 143, 5, 74, 62, 73, 116, 80, 13, 90, 110, 39, 66, 108, 96, 77, 41, 57, 14, 107, 75, 109, 94, 91, 63, 145, 146, 147, 148, 149, 150, 151, 152, 153, 154, 155, 156, 157, 158, 159, 160, 161, 162, 163, 144]
--[[73, 125, 81, 19, 103, 71, 59, 115, 46, 16], [116, 105, 123, 11, 141, 5, 28, 130, 124, 30], [80, 23, 40, 49, 100, 128, 10, 22, 37, 9, 129, 139, 133], [13, 101, 142, 74, 31, 137, 1, 27, 136, 24, 104, 138, 32, 29, 15], [90, 93, 18, 17, 132, 48, 69, 127, 119, 20], [110], [39, 21, 70, 45, 42, 82, 88, 72, 2, 98, 131, 47, 122, 92, 78, 52], [66, 97], [108, 117, 68, 84, 126, 121, 25], [96], [77, 7, 95], [41, 26], [57, 43, 106, 112, 56, 83, 140, 143, 62, 64, 6, 134], [14], [107, 102], [75, 54, 33, 53], [109, 8, 3], [94, 118, 51, 85, 50, 35, 89, 34, 135, 87, 44, 120], [91, 113, 114, 38], [63, 61, 67, 76, 55, 65, 12, 36, 60, 86, 4, 58, 79, 99, 111]]

inst 14 5min
1616;20;215;[240, 190, 207, 250, 99, 202, 192, 170, 152, 181, 12, 238, 80, 213, 89, 255, 180, 100, 21, 70, 63, 200, 186, 44, 95, 47, 1, 135, 246, 113, 127, 76, 196, 169, 28, 8, 247, 77, 11, 136, 29, 117, 23, 57, 109, 58, 187, 34, 171, 24, 166, 67, 198, 182, 114, 55, 17, 133, 35, 206, 139, 19, 157, 108, 208, 122, 102, 27, 92, 54, 53, 25, 146, 32, 184, 123, 62, 73, 15, 9, 75, 43, 64, 39, 237, 119, 61, 197, 60, 167, 193, 210, 18, 201, 148, 188, 65, 48, 51, 90, 4, 116, 107, 153, 118, 150, 66, 3, 172, 245, 82, 105, 125, 96, 30, 176, 164, 248, 236, 31, 6, 134, 59, 74, 84, 52, 10, 79, 101, 71, 209, 72, 87, 83, 173, 189, 126, 140, 88, 121, 205, 49, 214, 254, 177, 211, 130, 22, 132, 93, 195, 37, 94, 112, 203, 129, 138, 145, 115, 106, 249, 120, 137, 86, 42, 212, 20, 161, 40, 144, 154, 69, 168, 16, 85, 243, 97, 241, 41, 239, 185, 175, 178, 253, 91, 179, 159, 104, 13, 151, 45, 183, 143, 199, 7, 162, 204, 165, 142, 244, 110, 131, 251, 111, 215, 149, 78, 2, 155, 147, 174, 242, 50, 252, 14, 191, 160, 26, 141, 68, 158, 5, 163, 128, 56, 46, 98, 194, 124, 156, 38, 33, 81, 36, 103, 217, 218, 219, 220, 221, 222, 223, 224, 225, 226, 227, 228, 229, 230, 231, 232, 233, 234, 235, 216]

inst 09 5 min
436;10;13;[30, 29, 26, 24, 3, 33, 31, 25, 32, 27, 28, 5, 1, 4, 8, 12, 10, 11, 2, 13, 7, 9, 6, 15, 16, 17, 18, 19, 20, 21, 22, 23, 14]
--[[4], [8], [12, 5, 3], [10], [11], [2], [13, 1], [7], [9], [6]]

inst 17 5min
1788;20;287;[172, 276, 156, 80, 186, 280, 201, 49, 263, 282, 132, 120, 212, 308, 124, 60, 54, 111, 197, 185, 177, 46, 169, 165, 121, 102, 70, 69, 3, 215, 323, 254, 191, 167, 5, 107, 116, 86, 260, 50, 231, 252, 133, 200, 89, 216, 151, 268, 53, 1, 275, 140, 314, 47, 45, 94, 68, 123, 2, 182, 202, 146, 36, 125, 256, 108, 249, 39, 34, 83, 16, 41, 74, 61, 99, 317, 6, 178, 106, 222, 173, 9, 312, 31, 4, 236, 326, 327, 211, 157, 76, 127, 14, 283, 96, 318, 103, 189, 261, 159, 240, 75, 313, 57, 71, 88, 20, 131, 82, 248, 193, 13, 84, 259, 233, 79, 320, 163, 134, 55, 171, 208, 130, 184, 309, 72, 26, 209, 267, 228, 122, 170, 148, 28, 7, 118, 25, 287, 24, 161, 113, 235, 51, 110, 243, 81, 100, 8, 188, 204, 29, 319, 44, 77, 255, 67, 92, 147, 128, 223, 325, 97, 19, 278, 87, 143, 279, 145, 198, 232, 271, 129, 166, 42, 37, 64, 310, 195, 285, 199, 93, 321, 238, 203, 196, 137, 40, 210, 10, 245, 91, 207, 174, 251, 262, 253, 234, 149, 284, 265, 274, 286, 12, 176, 105, 187, 126, 30, 224, 136, 162, 11, 257, 119, 315, 139, 65, 135, 109, 85, 98, 214, 272, 175, 38, 27, 160, 237, 150, 18, 154, 95, 239, 117, 322, 277, 269, 218, 226, 180, 213, 112, 15, 35, 142, 311, 205, 181, 52, 219, 66, 43, 324, 242, 56, 90, 192, 241, 62, 115, 190, 229, 22, 114, 59, 104, 33, 63, 316, 194, 58, 281, 250, 164, 152, 101, 48, 270, 246, 141, 158, 230, 144, 21, 266, 247, 78, 155, 138, 153, 220, 179, 168, 221, 183, 244, 206, 32, 264, 23, 73, 217, 258, 225, 17, 273, 227, 289, 290, 291, 292, 293, 294, 295, 296, 297, 298, 299, 300, 301, 302, 303, 304, 305, 306, 307, 288]
--[[155, 255, 56, 94, 283, 144, 110, 248, 181, 93, 14], [138, 287, 78, 178, 195, 262, 229, 150, 204, 176, 64, 125], [153, 44, 200, 265, 59, 2, 276, 101, 240, 180, 199, 284, 21, 177], [220, 85, 4, 80, 222, 214, 119, 134, 28, 69, 34, 167, 279, 246], [179, 285, 266, 104, 57, 68, 39, 260, 115, 233, 239, 226, 27, 70, 83], [168, 145, 243, 15, 124, 184, 203, 12, 120, 55, 45, 89, 211, 162, 97, 103], [221, 98, 189, 10, 282, 230, 18, 111, 193, 174, 42, 252, 43, 133, 148, 8, 49, 53], [183, 238, 218, 135, 7, 201, 274, 164, 278, 270, 194, 251, 66, 108, 131, 122, 208, 30, 215], [244, 35, 5, 186, 137, 25, 121, 171, 271, 58, 123, 130, 228, 237, 269], [206, 187, 40, 50, 1, 172, 129, 267, 33, 191, 91, 76], [32, 254, 242, 112, 13, 212, 11, 132, 170, 232, 95, 96], [264, 114, 259, 62, 146, 81, 173, 166, 143, 51, 275, 152], [23, 169, 198, 149, 188, 210, 136, 118, 163, 19, 197, 234, 117], [73, 74, 61, 202, 286, 247, 205, 105, 71, 16, 60, 182], [217, 65, 256, 90, 157, 92, 127, 26, 102, 75, 99, 261, 190, 245, 142, 235], [258, 241, 213, 257, 192, 207, 126, 72, 41, 231, 154, 77, 6, 280, 141, 113, 84, 31], [225, 38, 86, 236, 277, 48, 268, 63, 36, 107, 20, 185, 196, 253], [17, 54, 47, 151, 29, 3, 156, 67, 249, 52, 140, 161], [273, 250, 219, 109, 82, 9, 263, 22, 46, 216, 139, 24, 165, 87], [227, 160, 223, 272, 281, 158, 147, 100, 159, 128, 209, 224, 175, 37, 116, 79, 106, 88]]


inst 15 5min
1264;20;239;[124, 64, 265, 215, 25, 161, 197, 170, 132, 235, 92, 57, 102, 163, 63, 66, 85, 51, 144, 101, 177, 14, 33, 40, 278, 119, 216, 181, 83, 168, 279, 105, 164, 272, 179, 264, 199, 270, 30, 42, 8, 34, 198, 143, 239, 67, 184, 266, 155, 48, 148, 188, 69, 73, 217, 116, 136, 56, 31, 262, 131, 220, 125, 150, 84, 118, 3, 277, 146, 129, 169, 204, 224, 21, 158, 142, 229, 228, 52, 27, 276, 65, 28, 267, 214, 183, 77, 195, 192, 203, 37, 61, 205, 141, 9, 191, 218, 207, 32, 90, 223, 271, 237, 78, 11, 72, 140, 86, 268, 194, 275, 106, 180, 174, 117, 94, 41, 88, 185, 175, 50, 154, 201, 43, 151, 227, 260, 139, 232, 98, 91, 238, 225, 113, 20, 68, 5, 202, 273, 49, 222, 89, 226, 121, 212, 79, 70, 190, 122, 178, 160, 221, 95, 133, 189, 47, 261, 22, 165, 87, 45, 206, 24, 4, 107, 58, 114, 104, 108, 157, 274, 12, 1, 103, 234, 172, 182, 59, 82, 109, 156, 126, 236, 209, 76, 187, 210, 211, 54, 44, 115, 171, 38, 120, 173, 13, 96, 269, 208, 81, 231, 127, 39, 60, 19, 230, 2, 152, 186, 36, 193, 6, 167, 196, 112, 123, 134, 17, 176, 200, 111, 130, 71, 110, 93, 137, 263, 233, 74, 97, 128, 53, 62, 138, 7, 46, 55, 35, 219, 159, 10, 23, 15, 29, 135, 149, 153, 213, 16, 147, 162, 75, 80, 26, 99, 100, 145, 18, 166, 241, 242, 243, 244, 245, 246, 247, 248, 249, 250, 251, 252, 253, 254, 255, 256, 257, 258, 259, 240]

inst 21 5min
1859;20;143;[78, 41, 175, 135, 16, 102, 124, 107, 83, 168, 58, 36, 64, 103, 40, 42, 54, 32, 92, 65, 113, 8, 20, 25, 183, 76, 137, 115, 53, 108, 182, 67, 104, 179, 112, 173, 126, 177, 18, 26, 5, 22, 125, 89, 169, 39, 117, 172, 96, 30, 93, 118, 44, 47, 136, 73, 85, 35, 17, 171, 82, 139, 77, 94, 52, 72, 2, 79, 51, 170, 109, 59, 98, 105, 19, 91, 97, 81, 63, 178, 106, 129, 60, 120, 101, 6, 11, 164, 141, 167, 12, 56, 99, 88, 87, 143, 55, 13, 29, 138, 131, 114, 180, 123, 4, 43, 181, 122, 95, 71, 74, 165, 61, 132, 110, 50, 15, 174, 57, 119, 127, 121, 86, 49, 133, 100, 27, 21, 140, 75, 37, 128, 116, 28, 142, 23, 166, 90, 111, 176, 14, 48, 9, 130, 134, 1, 84, 10, 45, 70, 7, 62, 66, 68, 3, 33, 38, 80, 34, 69, 46, 31, 24, 145, 146, 147, 148, 149, 150, 151, 152, 153, 154, 155, 156, 157, 158, 159, 160, 161, 162, 163, 144]

inst 10 5min
244;10;13;[13, 5, 11, 24, 33, 28, 25, 31, 26, 27, 29, 30, 32, 4, 7, 9, 10, 6, 3, 12, 8, 1, 2, 15, 16, 17, 18, 19, 20, 21, 22, 23, 14]
--[[4], [7], [9], [10], [6], [3, 11], [12], [8], [1, 13], [2, 5]]

inst 18 5min
1249;20;191;[148, 42, 180, 88, 41, 124, 4, 60, 230, 175, 104, 65, 50, 226, 141, 26, 113, 71, 146, 34, 69, 137, 108, 48, 215, 85, 29, 72, 49, 189, 78, 58, 76, 107, 18, 161, 16, 30, 214, 151, 90, 75, 45, 162, 1, 160, 97, 44, 64, 12, 142, 150, 185, 86, 77, 31, 36, 47, 167, 57, 133, 138, 109, 188, 115, 7, 181, 43, 125, 132, 184, 55, 176, 13, 129, 155, 95, 32, 187, 91, 70, 73, 40, 27, 74, 103, 11, 222, 117, 59, 2, 82, 87, 15, 173, 9, 152, 112, 149, 23, 136, 225, 121, 171, 33, 105, 123, 114, 157, 3, 110, 156, 116, 159, 183, 68, 131, 100, 92, 219, 94, 128, 228, 172, 163, 143, 213, 111, 231, 139, 217, 224, 135, 218, 182, 53, 39, 220, 17, 10, 122, 28, 140, 35, 130, 102, 37, 127, 62, 174, 22, 6, 63, 52, 145, 216, 177, 190, 79, 134, 169, 165, 120, 212, 96, 221, 80, 158, 99, 46, 154, 98, 164, 89, 25, 223, 186, 168, 166, 179, 126, 227, 229, 119, 66, 61, 19, 170, 24, 51, 83, 178, 106, 191, 67, 56, 93, 84, 21, 8, 54, 101, 144, 81, 118, 14, 153, 20, 147, 38, 5, 193, 194, 195, 196, 197, 198, 199, 200, 201, 202, 203, 204, 205, 206, 207, 208, 209, 210, 211, 192]
---[[178, 168, 158, 190, 51, 142, 28, 72, 55, 77, 95, 173, 164], [106, 105, 33, 76, 155, 145, 130, 139, 17, 113, 116, 68, 43, 45, 1, 148, 127], [191, 83, 40, 151, 22, 137, 39], [67, 181, 126, 143, 140, 10, 175, 25], [56, 31, 78, 32, 58, 47, 97, 152, 6, 124, 172, 98, 112, 156], [93, 87, 11, 104, 171, 154, 52, 150, 174, 89, 117, 131], [84, 27, 29, 49, 64, 188, 170, 46, 160, 134], [21, 69, 125, 163, 120], [8, 60, 57, 36, 161, 169, 99, 149, 62, 138], [54, 86, 103, 121, 94, 15, 141, 122, 128, 111, 110, 3, 180, 179, 166], [101, 136, 53, 185, 66, 7, 4, 88], [144, 35, 18, 71, 184, 119, 92, 82, 73, 176], [81, 70, 132], [118, 100, 23, 108, 114, 159, 79, 187, 19, 146, 102], [14], [153, 63, 109, 157, 177, 186, 61, 133, 135, 182], [20, 34, 107, 123], [147, 37, 16, 26, 85, 74, 13, 50, 12, 65, 115, 183], [38, 30, 189, 24, 48, 44, 162, 165, 96, 9], [5, 41, 90, 59, 167, 80, 91, 2, 42, 75, 129]]

inst 12 5min
1211;20;95;[117, 22, 44, 3, 78, 81, 6, 129, 124, 61, 94, 95, 7, 27, 41, 133, 10, 125, 1, 116, 127, 123, 9, 135, 67, 79, 36, 126, 91, 119, 132, 35, 47, 64, 93, 24, 82, 42, 86, 23, 60, 34, 40, 13, 17, 70, 73, 121, 89, 85, 72, 20, 120, 131, 28, 29, 11, 76, 77, 39, 57, 122, 38, 46, 66, 63, 56, 87, 4, 92, 75, 15, 51, 21, 118, 59, 62, 130, 53, 71, 54, 26, 32, 5, 52, 58, 19, 33, 134, 18, 50, 80, 69, 128, 8, 25, 68, 65, 30, 37, 48, 88, 2, 43, 90, 55, 74, 45, 12, 84, 83, 31, 16, 49, 14, 97, 98, 99, 100, 101, 102, 103, 104, 105, 106, 107, 108, 109, 110, 111, 112, 113, 114, 115, 96]
--[[25, 67, 56, 29, 91, 50, 85, 52, 20], [68, 87, 19, 1], [65, 66, 63, 38, 42, 34, 64, 46, 70, 92, 80, 71, 75], [30], [37, 82, 26, 79, 53], [48], [88, 33, 47, 73, 51, 72, 15, 41, 60, 39, 86, 58, 76, 59, 77, 62], [2, 22], [43, 40, 23, 9], [90, 18], [55, 28], [74, 21], [45, 17, 10, 61, 57, 11, 94], [12, 95, 8], [84, 5, 78], [83, 32, 35, 93, 69, 4, 3, 44, 13, 7, 6, 81, 54], [31], [16], [49, 89], [14, 27, 36, 24]]


inst 
-------------------