instance solution not found 14,10,9,11,

inst 08 5min
220;8;10;[2, 4, 19, 20, 21, 22, 23, 24, 25, 26, 3, 1, 5, 6, 7, 8, 9, 10, 12, 13, 14, 15, 16, 17, 18, 11]
-- [[3], [1, 2, 4], [5], [6], [7], [8], [9], [10]]

inst 13 5min
2116;3;47;[2, 3, 4, 5, 6, 7, 8, 9, 10, 11, 12, 13, 14, 15, 16, 17, 18, 19, 20, 21, 22, 23, 31, 25, 26, 27, 28, 29, 30, 32, 51, 33, 34, 35, 36, 37, 41, 39, 40, 42, 44, 43, 45, 52, 46, 47, 53, 1, 24, 38, 49, 50, 48]
-- [[1, 2, 3, 4, 5, 6, 7, 8, 9, 10, 11, 12, 13, 14, 15, 16, 17, 18, 19, 20, 21, 22, 23, 31], [24, 25, 26, 27, 28, 29, 30, 32, 33, 34, 35, 36, 37, 41, 44], [38, 39, 40, 42, 43, 45, 46, 47]]

-----------above done so far------------
